#jenesaispas
var_init = [[0,2,3,1,0,5,7,8,0],[4,0,0,0,0,0,0,0,2],[0,0,5,2,0,9,3,0,0],[3,4,1,0,0,0,6,7,5],[0,0,0,0,0,0,0,0,0],[8,9,2,0,0,0,1,4,3],[0,0,7,8,0,4,9,0,0],[1,0,0,0,0,0,0,0,7],[0,3,4,6,0,7,8,5,0]]
#facile
var_init = [[0,2,3,1,0,5,7,8,0],[4,0,0,0,0,0,0,0,2],[0,0,5,2,0,9,3,0,0],[3,4,1,0,0,0,6,7,5],[0,0,0,0,0,0,0,0,0],[8,9,2,0,0,0,1,4,3],[0,0,7,8,0,4,9,0,0],[1,0,0,0,0,0,0,0,7],[0,3,4,6,0,7,8,5,0]]
#facile
var_init = [[3,0,9,0,0,0,6,1,0],[0,0,0,6,0,0,0,7,3],[0,0,0,0,2,8,0,0,4],[0,0,4,0,6,2,5,0,0],[0,7,8,0,4,0,1,2,0],[0,0,2,8,5,0,4,0,0],[4,0,0,5,9,0,0,0,0],[8,9,0,0,0,6,0,0,0],[0,5,3,0,0,0,2,0,1]]
#facile => resolu uniquement par la methode case
var_init = [[1,0,0,8,3,0,0,0,2],[5,7,0,0,0,1,0,0,0],[0,0,0,5,0,9,0,6,4],[7,0,4,0,0,8,5,9,0],[0,0,3,0,1,0,4,0,0],[0,5,1,4,0,0,3,0,6],[3,6,0,7,0,4,0,0,0],[0,0,0,6,0,0,0,7,9],[8,0,0,0,5,2,0,0,3]]
#N 154 ddu boucin (deja resolu la main
var_init = [[0,6,0,3,0,7,0,0,5],[1,3,0,0,0,5,0,0,6],[0,0,7,1,0,0,4,0,8],[7,0,1,0,0,8,9,0,0],[0,0,0,0,7,9,5,8,0],[2,8,0,5,1,0,0,0,7],[0,0,6,7,5,0,0,0,0],[0,0,0,0,8,0,0,2,0],[9,1,8,0,0,2,0,0,0]]
